m1=1;
m2=1;
l1=0.4;
l2=0.3;
l_d1=0.3;
l_d2=0.3;
I1=0.1;
I2=0.1;
m_d1=0.2;
m_d2=0.2;
k1=10;
k2=10;
g=9.81;

K=[k1 0;
   0 k2];
D_l=[l_d1 0;
     0 l_d2];

J=[I1 0;
   0 I2];
D_m=[m_d1 0;
     0 m_d2];